4294967278,179
4294967278,175
4294967294,922
4294967294,908
4294967294,961
4294967294,963
4294967294,965
4294967294,912
4294967278,173
4294967279,288
4294967278,340
4294967279,363
4294967279,465
4294967278,404
4294967279,464
4294967294,97
4294967279,457
4294967278,146
4294967279,463
4294967279,141
4294967279,136
4294967278,390
4294967278,251
4294967279,462
4294967278,303
4294967278,63
4294967278,260
4294967279,85
4294967279,84
4294967279,294
4294967279,82
4294967279,75
4294967279,64
4294967279,59
4294967279,56
4294967279,55
4294967279,53
4294967279,51
4294967279,23
4294967279,21
4294967279,19
4294967279,16
4294967279,13
4294967279,11
4294967279,10
4294967279,9
4294967278,238
4294967279,238
4294967278,237
4294967279,237
4294967278,236
4294967279,236
4294967278,232
4294967279,232
4294967279,228
4294967279,226
4294967279,218
4294967279,213
4294967279,212
4294967279,211
4294967279,210
4294967279,209
4294967279,208
4294967279,461
4294967278,403
4294967279,206
4294967278,204
4294967279,378
4294967279,345
4294967279,344
4294967279,191
201,6
201,5
201,4
201,3
201,2
201,1
4294967278,364
4294967279,460
4294967279,63
4294967294,387
4294967294,388
4294967294,439
4294967294,115
4294967278,345
4294967279,71
4294967278,183
4294967279,376
4294967279,183
4294967294,469
4294967278,181
4294967278,343
4294967279,182
4294967279,290
4294967278,180
4294967279,181
4294967278,176
4294967278,61
4294967278,342
4294967294,89
4294967279,459
4294967279,61
4294967278,341
4294967279,173
4294967294,471
4294967279,171
4294967279,338
4294967278,383
4294967279,165
199,6
199,5
199,4
199,3
199,2
199,1
4294967279,337
4294967278,338
4294967278,384
4294967279,374
4294967278,337
4294967279,160
4294967278,297
4294967278,336
4294967279,40
4294967279,334
4294967279,31
4294967278,295
4294967279,331
4294967278,150
4294967278,294
4294967279,330
4294967278,149
4294967278,148
4294967278,402
4294967278,346
4294967278,147
4294967279,146
4294967278,145
4294967279,145
197,5
197,4
197,3
197,2
197,1
4294967279,280
4294967278,143
4294967279,20
4294967279,283
4294967279,260
4294967279,321
4294967278,327
4294967279,28
4294967279,140
4294967279,319
4294967278,322
4294967279,139
4294967294,120
4294967294,114
4294967279,138
4294967278,137
196,6
4294967279,133
196,5
196,4
196,3
196,2
196,1
4294967294,424
4294967294,50
4294967279,18
4294967279,366
4294967278,289
4294967279,450
4294967278,326
4294967279,267
4294967294,38
4294967294,37
4294967294,923
4294967294,0
4294967279,265
4294967278,268
4294967278,319
4294967294,40
4294967294,17
4294967294,99
4294967294,76
4294967294,971
4294967278,263
0,7
4294967279,275
4294967294,1
4294967279,311
4294967279,362
4294967278,258
4294967294,904
4294967294,396
4294967294,186
4294967294,906
4294967294,948
4294967294,399
4294967294,949
4294967294,420
4294967294,183
4294967294,167
4294967294,463
4294967294,184
4294967294,191
4294967294,108
4294967294,461
4294967294,112
4294967294,2
4294967279,359
4294967278,357
4294967279,358
192,4
4294967279,357
192,3
192,2
192,1
4294967278,355
4294967294,91
4294967294,90
4294967294,87
4294967294,86
4294967294,85
4294967279,356
4294967294,107
4294967294,84
4294967278,314
4294967279,253
4294967278,313
4294967294,954
4294967294,952
4294967294,29
4294967294,950
4294967294,28
4294967294,53
4294967278,255
190,4
190,3
190,2
190,1
4294967279,352
4294967294,393
4294967294,45
4294967294,955
4294967294,44
4294967294,94
4294967294,96
189,4
4294967279,249
189,2
189,1
4294967294,8
4294967279,248
4294967294,9
4294967278,246
4294967294,93
4294967294,95
188,4
188,3
188,2
188,1
4294967278,242
4294967294,46
4294967294,27
4294967294,25
4294967294,30
4294967278,240
4294967294,18
4294967294,127
4294967294,14
4294967294,126
4294967294,20
4294967294,13
4294967279,241
4294967294,5
4294967294,967
4294967294,163
4294967278,401
4294967278,239
4294967279,382
4294967278,389
4294967279,239
4294967278,377
4294967279,381
4294967278,235
4294967279,235
4294967279,233
4294967278,231
4294967294,41
4294967294,36
4294967294,39
4294967294,42
4294967278,226
4294967294,61
4294967294,75
4294967278,218
4294967279,219
4294967294,92
4294967294,88
4294967279,216
4294967279,272
4294967279,214
4294967294,428
4294967294,43
4294967294,416
4294967294,51
4294967294,52
4294967294,470
4294967294,26
4294967294,82
4294967278,132
4294967278,131
4294967278,130
4294967278,129
4294967278,128
4294967278,127
4294967278,126
4294967278,125
4294967278,124
4294967278,123
4294967278,122
4294967278,121
4294967278,120
4294967278,119
4294967278,118
4294967278,117
4294967278,116
4294967278,115
4294967278,114
4294967278,113
4294967278,112
4294967278,174
4294967278,111
4294967278,110
4294967278,109
4294967278,108
4294967278,107
4294967278,106
4294967278,105
4294967278,104
4294967278,103
4294967278,102
4294967278,101
4294967278,100
4294967278,99
4294967278,98
4294967278,97
4294967278,96
4294967278,95
4294967278,94
4294967278,93
4294967278,92
4294967278,91
4294967278,90
4294967278,89
4294967278,87
4294967278,86
4294967278,85
4294967278,84
4294967278,83
4294967278,82
4294967278,81
4294967278,80
4294967278,372
4294967278,79
4294967278,78
4294967278,77
4294967278,76
4294967278,75
4294967278,74
4294967278,73
4294967278,72
4294967278,71
4294967278,70
4294967278,69
4294967278,68
4294967278,67
4294967278,66
4294967278,65
